6159
3839
4874
4644
9760
9413
5716
5430
2788
6429
1239
905
6855
1489
7921
826
2109
7430
2333
6703
7828
4501
6579
574
6729
2790
2671
563
5395
9473
3324
3699
1567
7533
4299
3938
8874
451
6736
7809
3661
8236
446
7110
8234
9745
3101
7711
4454
4025
9471
900
1226
2315
4725
7975
1524
4395
7874
8489
1439
7438
5908
6473
6169
9546
1373
1340
1235
685
2140
6116
5304
2826
3202
5858
2604
6151
4111
609
2346
1780
1996
39
8553
1019
724
4294
3714
605
3834
803
4068
9822
3886
8543
1231
4941
9962
3158
5710
509
9373
9860
8238
5976
4044
5121
2244
1871
6314
5928
6168
7699
9999
9773
3004
3118
952
6413
5419
4928
3178
1203
1506
9980
4073
8889
6061
5726
3382
1917
8660
6123
8402
2087
652
5605
3432
8622
5437
6465
9006
9788
9299
8290
6380
1103
973
4414
7609
8809
1085
2211
3017
6078
9167
3309
3464
2935
1473
3445
1013
3720
1416
950
5992
9523
5550
9404
9010
5909
6010
2879
4991
311
5032
630
1045
193
774
4906
9806
5775
2970
6692
3924
101
720
2481
9488
3800
4141
9376
6891
4650
9456
705
7587
3314
2510
9647
8723
3090
849
54
552
7911
5050
9236
7870
6804
7320
3851
7166
26
9309
6995
6911
7500
5428
1525
3216
3096
350
5537
5260
8426
7143
2139
7178
9778
978
7298
4107
8310
1891
6292
7307
5
5504
2511
4783
4455
3074
3620
9782
1610
5503
3144
3352
2480
7637
8285
5891
2762
9912
8662
5145
7435
3927
634
6514
8693
9178
1260
939
3827
8416
9415
6614
8528
4597
4176
2722
4734
5638
6308
2415
1964
5964
2136
7586
3075
7548
5316
4627
4059
8616
5731
1412
9951
1896
9692
394
6272
8976
2920
8014
8069
6787
3242
7208
6448
6451
1483
8763
3626
4205
3912
9843
854
8696
6341
4024
4462
9431
8029
750
6395
2383
1830
357
7397
2120
364
6214
4618
2756
1674
7257
5463
5426
8830
3415
5045
6224
9205
484
7161
2720
9927
9007
9754
4251
9733
9031
5842
8801
9948
3170
5287
4386
5830
8146
2159
5444
5687
3303
8066
4977
5521
932
9932
5261
3563
1237
3255
6271
4171
9701
2376
4247
9968
1255
5663
4250
4997
5030
9332
882
5496
6603
1394
3275
6036
8623
6346
9772
8240
4859
9135
7399
3739
8263
2441
4332
8291
2586
1972
4404
790
901
6706
5608
2630
9889
8779
7647
8578
2807
7994
4406
9904
1026
2633
3648
5549
4085
1668
3589
3288
9673
6286
9668
9929
198
4408
6528
5274
1276
8335
5337
7003
7368
604
304
5944
7297
6196
4659
7777
3149
4782
9301
4291
6149
9229
6008
7051
5284
5068
7189
9724
3980
7817
8398
5441
9308
5184
3707
1393
659
6749
6733
2375
8790
5023
2126
7253
4084
3888
154
7992
3241
7520
7155
5107
5398
965
3059
6118
8565
5993
1625
9614
7168
6583
238
4575
2295
9802
9138
8886
4844
4968
6460
7878
6702
1449
4875
8025
4613
9597
6842
7956
1718
138
2032
9794
461
1675
7528
3310
5489
6647
7181
6625
4194
7007
9638
5037
2979
9800
603
1945
6462
1072
2518
8086
4265
2834
8137
8449
4405
9231
5941
8008
7344
528
4800
6772
21
1143
6014
8483
6456
9493
2445
9901
8322
4880
7897
5972
6347
7185
7668
5709
3404
5324
598
7531
1911
4449
6349
5060
6339
1298
4093
4218
6573
48
2391
4020
4771
571
1776
2928
5493
4534
454
508
5706
8306
5277
204
7900
8042
4168
90
5743
3808
6185
9454
5653
7804
7782
151
8686
7954
7299
8972
8404
9986
1238
1577
751
2016
2649
7025
8299
3556
795
2055
3771
2144
8422
9687
5798
8314
8037
7968
9897
2066
4798
2776
6148
1145
6257
8620
7074
414
5495
4664
4047
8446
879
7265
8380
5132
8747
5008
3023
6844
2071
9728
5222
9364
2007
7478
1550
5200
7875
9147
2056
8019
6326
4289
8252
3734
6034
77
1417
6239
1207
7431
2740
7702
3154
7442
709
2610
5382
2206
4589
6262
1114
1867
6775
1962
9331
6309
9841
9207
4665
3549
587
4860
5341
6372
3854
6577
6750
7629
7206
7832
9891
8648
6636
4488
1365
9924
9921
7370
5510
4700
9480
1987
3264
2721
3868
9938
2074
4296
6543
8026
8627
6315
3569
5595
2470
7353
4967
3248
9013
6940
4254
3169
3894
6575
6723
8382
4396
9886
3466
5295
1994
3850
2059
6722
5149
2593
4121
9237
3947
5488
1771
4757
3906
4028
6882
1401
4654
1857
9177
50
9842
3968
9056
8181
5770
6853
9284
6529
5628
3218
915
6511
6686
7919
9159
6818
6492
1257
82
1328
5650
4542
7364
4574
4925
5621
6731
5163
9867
1652
9605
7999
6469
5991
8864
7377
7410
8896
5048
5567
679
4410
4962
2051
8130
7579
2732
6130
8777
6084
4225
9595
342
9313
3225
5822
7626
2115
6698
9368
1975
5760
6075
6261
1611
2228
7961
5666
6439
3413
3514
145
4187
1901
7091
2773
2456
4809
2559
3930
7037
2053
755
2127
5597
6725
2352
5126
6457
4339
9120
9955
9478
1364
6999
4630
5637
9976
3519
1215
4791
3999
254
1511
8821
3779
8058
4746
3273
9111
309
6227
8296
7896
2132
6645
1989
3761
3381
6044
874
4758
2273
5562
1425
7546
9032
1601
3835
407
9956
916
3142
8999
3283
7722
2718
2204
4203
8940
6269
1904
8977
6786
9300
9572
4963
7316
8
9289
1662
6938
5157
385
5788
5625
8527
2130
7862
8447
1727
1664
2449
460
4521
7145
7176
7097
8196
9646
6948
3849
7226
4995
2162
9474
561
8467
9765
888
1295
5983
1995
9902
9092
2000
2437
5728
6756
1923
8139
5131
4891
4137
4482
5144
8791
1148
1428
270
3949
8636
6797
5824
2461
7072
1179
6633
5309
8687
5777
1986
7282
6964
4026
2054
2759
3085
6672
1249
9920
5570
6377
8155
6856
6150
8915
1892
1431
9893
6604
3025
5173
7144
8778
3232
656
7485
5081
7266
8074
3740
2853
7244
3735
8242
2363
1241
6854
7452
499
2322
7415
5590
3925
6881
8352
7084
2890
6932
8389
3298
912
9868
7812
8710
2214
9530
7831
1273
7081
3681
4282
2546
6208
4924
6618
9335
3957
929
6548
7033
694
8762
3249
5350
6730
6783
257
4688
3493
4403
9260
8496
4222
2810
7004
8665
1648
9421
7371
7376
2316
8032
863
4749
420
2534
7890
3566
8204
1135
3950
5412
3007
2837
9482
2992
7835
8772
8256
6072
7011
1616
3065
6260
8513
4207
1805
4284
540
5931
7494
4836
1341
2392
686
4372
4200
3401
6048
9270
1066
5571
699
9387
6202
2882
1920
8200
5669
3629
8107
1999
4740
7644
4070
6841
9142
2075
8852
9640
5962
8898
940
1982
1789
9756
8851
7984
9558
3268
13
8718
2479
422
3423
1540
7274
7823
2069
2014
5327
3246
8231
7670
2561
8161
6073
2189
2815
2761
2507
6652
1852
5245
6965
5447
1091
5229
3915
6029
2707
324
9349
6825
5423
4699
2908
623
4229
1907
8970
8183
8318
164
7747
1752
5024
3400
9879
3471
9197
5990
6778
5911
5825
6043
881
3308
8519
3560
2538
5789
4561
1313
30
3573
1922
9211
8257
8980
9513
2413
1198
8634
5658
7743
2532
2094
6969
1948
5884
354
5998
1794
2912
8327
1263
8481
827
8349
5172
5043
313
491
5747
6486
7619
6297
3250
4795
1488
1847
9824
3300
1185
6031
9352
6193
7551
9146
8995
2112
9985
6615
459
7596
3212
9316
4623
5289
8885
2528
6789
4634
444
4910
4191
710
3564
6584
7986
6862
5171
9162
801
3362
6246
1642
8585
7005
1385
7884
6937
5732
6403
9298
8468
7192
1270
3724
753
251
8087
4712
8133
7980
6895
7623
1132
3704
9186
3533
855
7939
8655
5235
1587
9873
1568
2354
8698
8408
9797
1311
2926
658
7079
4300
4956
95
6668
5919
3855
6226
3453
1713
6781
5885
6590
5063
7539
7633
4511
4793
2319
9429
4692
1586
5516
8302
2709
9544
3977
4360
5656
1783
4975
5807
8367
9102
9883
1015
9054
5894
4752
2152
736
6826
8868
5080
817
9676
7023
8417
4377
3461
229
5071
6401
4554
9052
5774
7690
9169
5049
5061
4778
9812
2799
794
2566
1683
4270
2509
2083
7428
6000
7858
4362
3686
2643
4949
6835
2677
7177
3897
9341
1622
2473
1176
7710
9388
2624
1951
2676
3322
2961
4452
9477
1120
7540
1965
7758
1210
4173
2155
3535
7246
4401
253
1482
8602
1660
936
2791
5613
5472
5162
5799
8132
7050
426
4343
9535
5429
8789
7565
1279
8143
3038
2044
9216
5094
9315
8621
5113
2294
3164
7763
7491
8581
5657
8016
8307
5282
7610
1183
2506
2598
1808
7261
2484
847
8209
7658
1003
7902
1165
5986
9296
4645
4815
1874
2822
8138
3903
6970
7621
6534
6086
5602
695
3284
351
1888
7030
5105
8160
9648
7791
3891
5402
6204
7515
3501
9294
5906
3817
713
4969
3189
6568
848
4064
2125
2138
8919
2216
7716
4174
8954
220
6914
7990
6302
2806
2556
8348
6181
3677
9447
1155
4878
681
3892
3872
7712
6688
2706
7103
7088
8580
5469
1338
1839
3787
9116
738
1076
1876
5997
326
9705
108
7132
5101
7643
2752
5193
8604
9104
156
558
3166
8336
8493
7906
9106
9575
9371
8629
7822
399
7555
1737
5765
5484
8557
569
2079
7589
5536
4158
4812
252
3131
5853
6639
8090
9382
6279
6901
6232
8935
3842
6626
9642
619
5861
8121
2901
3233
6916
3173
8726
5399
4871
4985
6301
8657
6748
1884
6646
5093
3642
4369
9112
9254
3828
4919
6549
5153
114
1213
6541
943
1807
9710
2406
6904
7654
4930
6963
1723
8173
5015
9499
7
3853
9508
1293
5622
6298
3111
2764
2919
2008
6487
8396
4118
6563
2400
2030
2006
8079
9244
9520
5052
3240
4929
1154
6834
3933
4506
3616
1125
2695
5156
9079
2361
8385
5863
7228
2490
7159
2828
7918
6107
4904
5096
6642
3676
1481
4453
3543
4576
1174
6129
5995
6443
1334
7926
2812
9963
4295
530
3379
8108
3644
4397
4473
5815
4657
8707
1663
8820
4080
7347
2829
9173
562
9393
1046
8963
5959
8591
9578
4216
9318
4417
2821
2567
4620
3433
3045
1004
8520
5433
3367
6519
6079
7484
877
3682
1732
825
1898
9993
9887
9083
9755
6404
363
8957
1084
4540
3425
8546
3622
7841
1745
701
8956
3238
7396
9864
5346
286
3
2521
1763
475
2246
7684
2040
1422
9641
5112
4075
4038
2927
3306
9202
4944
7319
2909
9176
5465
8315
9070
1352
2192
7053
8702
5662
5967
4350
1122
666
5568
8434
2302
9086
2117
4824
7395
6620
1733
7842
8635
7492
4822
2179
5593
5090
9156
639
8232
9171
8028
8993
2612
8816
1398
1820
968
1080
3657
5133
4290
1554
3267
1772
5813
9157
4602
5139
453
5949
5449
5392
8947
8671
3875
1496
5330
6171
7283
2388
6505
6423
6507
9065
1348
9287
532
2029
3971
3165
1656
9832
3852
8214
9089
4315
7803
5115
3526
2780
7167
535
5450
5594
2975
2786
128
4581
2485
4544
2615
4527
6880
68
8372
2270
592
6666
2185
8531
2171
8694
7211
2231
5291
7901
5345
4144
3174
2489
7130
9336
4629
2034
8144
1759
1392
5586
2028
2692
485
3936
4606
8649
4128
3044
5321
3517
8758
3095
112
5242
9657
6366
8891
7967
1818
6319
8548
3975
6294
8119
3022
7681
5076
4807
7982
4694
2239
5579
4580
9185
689
3337
3786
2129
3319
5877
4762
5091
5097
74
7730
2427
5797
3669
148
9337
8866
9610
5455
2397
5320
3451
7406
3721
5388
2647
8798
2983
2606
4821
2874
1894
2937
5856
4503
8463
8461
2394
2025
8369
4813
5526
4063
333
5984
477
9732
2364
4436
3416
970
3899
6363
8444
2367
1229
5254
527
1819
7729
2994
3357
322
8550
9681
9044
9982
9465
1456
4892
6849
3547
673
4096
7346
1504
5786
7457
2849
7474
7867
5837
4277
872
2673
9934
4912
6201
1677
9129
3463
6282
8603
5118
8033
4894
2331
1557
8538
9582
980
8641
5677
6213
3282
7085
1538
2714
5634
6542
8734
4476
784
2089
5082
942
4023
2580
3702
5974
8104
5077
8080
72
2472
7184
2434
4616
6350
9358
1711
8262
5610
2804
243
5474
1151
2726
8722
2963
5633
3674
4474
5960
8323
5773
2675
3009
9658
9372
4717
1828
7575
8343
4095
8072
5102
841
6821
9103
6913
7567
8568
4004
5932
3137
9041
1360
7568
829
9573
3018
4686
1254
1427
455
2723
8405
6774
1899
7891
4909
2573
8844
1264
208
185
6498
5667
4072
6050
7868
6385
665
5745
2181
9267
8912
3946
4413
8109
873
5328
4573
6344
4196
3184
3675
36
1518
9699
7356
4267
5069
2932
2553
3071
1977
8943
1486
3703
4371
4820
3763
2730
4818
9834
9055
5223
2184
1078
746
7798
2384
9381
8652
4706
2954
1824
7119
519
3781
6874
8921
7351
4722
1221
4730
7439
3862
7482
8248
7852
4393
7018
5240
4448
9803
990
953
8549
9809
8650
703
857
3078
5923
1137
7255
9551
8992
5004
8312
6794
4280
5812
711
8855
6432
2541
5981
7506
3684
467
7504
754
9704
8451
4057
35
8920
4922
2011
6348
7573
2724
1569
1017
2387
2297
8494
1534
4292
4125
815
6892
9114
2148
7336
8455
1716
6384
6917
7676
2467
5179
871
7849
6485
2701
2832
6154
1421
5620
6164
2850
3960
8939
3746
9005
5191
4593
7952
1222
5599
3829
8847
9320
1434
5234
1607
6085
9978
480
167
1931
1181
42
8000
5843
6410
4421
2250
2599
4853
8112
7561
4594
5563
1836
1707
3869
9588
7564
9344
7997
4498
9136
8638
7479
6411
7466
2393
4328
6382
6376
1074
5674
7708
2309
3813
9672
3641
2843
6866
9600
4615
5767
6596
2458
8167
8559
6993
1169
6324
210
767
7825
4528
6820
2284
2327
8691
7242
7651
9801
1992
7510
3222
7944
3744
5999
5934
3393
4119
8295
2012
449
1823
3487
680
2592
9187
348
369
3522
9715
7498
8991
2433
8081
8736
7071
8562
9848
3026
3389
6863
6727
9507
8186
7450
1099
3719
7907
2794
91
5835
7213
5278
913
6052
7617
5699
732
9581
4261
8392
8424
4189
1508
1844
5243
6287
4764
4954
1606
8672
7229
837
7413
8038
92
7597
5448
8152
437
7203
5403
9407
1500
7932
1106
2337
921
542
6398
232
3998
3385
1717
373
4759
135
3917
6824
7656
4459
819
4053
951
4334
4285
4513
5987
5688
8824
6637
539
8329
3460
1736
9183
189
2778
5237
5273
3489
9589
7608
9635
503
9519
9282
6873
2483
7935
391
9312
3598
8564
7928
5901
2042
1503
3049
6929
4840
2395
3939
239
3592
1560
5035
9890
2396
9958
1499
4446
6716
8676
7225
8129
9271
5714
8613
4420
5693
9009
1218
5897
2382
1396
3277
7960
2522
7983
1639
9377
1832
4228
6900
9328
3636
715
6572
2978
1414
7571
4461
2689
7233
9273
7218
325
4656
4769
5046
7043
3772
9521
5785
3941
2841
3443
6763
2523
677
1055
7534
7529
5417
2249
133
4887
6367
2334
6058
7012
7765
5557
654
8597
1533
5085
4920
7432
3671
3442
9131
157
1998
3969
5738
6536
3348
5332
1290
4619
3948
5756
632
4653
8752
3857
4099
2739
4512
8342
5142
14
9896
9512
4648
9314
7914
5876
150
2608
6941
4662
8241
3361
7820
5778
5206
1619
5882
87
3732
6580
1950
9127
1915
4246
583
2517
8826
1750
6378
6800
1671
103
1133
1415
5371
4631
4690
6461
1250
5828
895
4741
8235
8608
1442
2466
8517
4439
8159
188
4637
3345
5415
7106
1886
5746
6495
8220
3656
1006
9998
2407
4529
9385
2570
2536
4117
9559
3147
2114
5970
6137
2584
214
5552
9554
3313
2039
4190
8659
8421
5336
1467
5188
640
5522
2635
1624
2486
5691
7863
5238
9224
5545
7652
4600
3183
1537
5642
6216
8670
231
260
6502
6388
3963
2796
4147
7381
5042
8932
748
3203
2452
1377
3231
5211
5057
6441
9001
971
1890
1253
424
7045
2969
8244
6108
7859
201
9084
2308
3226
7709
8890
7341
7978
8047
923
3077
8817
3010
3301
5763
8799
1305
7191
61
9693
4754
8848
7210
2417
4504
6311
5325
9740
2984
5501
1318
5109
6737
1010
2344
8430
7562
4163
3293
3816
7886
6569
1954
9698
8596
726
3412
1177
4636
8551
810
3441
2589
7509
4681
4033
6973
5040
5373
8607
2272
1788
8516
7558
7379
4784
3640
6839
7286
4951
6131
5364
7837
4980
2545
957
9764
9199
3953
5187
9786
421
2356
5769
7759
8776
6687
7249
1382
8272
9495
6696
8063
7271
5099
4958
328
8563
1312
3185
1837
5975
8582
6063
7624
7592
4
9691
9669
6951
4628
9622
1400
6101
6990
6985
9290
2711
7557
4911
2750
6127
7455
4375
8073
7101
816
4863
2242
8054
769
7481
1980
9099
9798
9863
2883
9677
3757
5100
4391
2960
368
9391
7588
5736
642
7585
9662
9487
4426
9899
8990
8165
7304
2946
1284
473
4548
8007
9944
5176
430
4870
5129
6689
6493
3503
7514
3667
3253
8355
3777
2729
4790
4777
3883
9464
6570
3398
4281
9119
4557
1261
2110
8184
3099
8682
4926
4538
1345
3148
1047
4726
6544
8785
5270
338
4400
8624
289
3294
6070
6567
4702
9587
9678
789
6255
1590
3492
8928
1539
7740
8823
6210
7680
3679
1591
1094
1522
3534
370
5881
8188
813
6038
1333
159
948
9039
1602
9180
7125
3229
6713
176
8544
310
3981
7448
3743
3138
7634
622
6482
2982
7945
8378
8614
358
2009
1597
3417
8433
5707
8744
4354
5655
9661
5377
6365
9168
7153
3188
2198
4215
5950
1469
1634
7235
5735
120
3943
6251
8796
3764
6631
278
7017
8195
2597
3870
2595
4496
1971
3798
9645
9739
8226
6664
6285
9340
1640
4551
621
8633
5532
5933
6230
4876
1256
1121
5066
707
5348
5930
3874
6890
1765
5554
4279
7650
9184
3680
8704
4541
5406
5017
1973
3482
6954
7581
4972
3033
2157
533
1041
8207
4152
2426
5896
1918
2286
4595
7713
6030
1653
9943
9025
2731
6968
8653
6894
2715
9322
8756
8419
5903
2151
3447
4263
4716
3873
3984
6728
3052
1564
3747
6946
2923
2255
6016
9035
6709
3653
3713
6665
1002
345
8985
3554
203
6414
6813
7280
1609
8275
4204
3576
786
2145
8114
7931
1562
7495
4069
6578
3609
4463
7783
3588
7345
7518
230
8925
5374
7719
4112
4185
436
1584
7047
6619
6852
3630
6704
2219
5365
758
8675
7666
3015
9791
1724
2940
18
5802
2380
809
9445
447
4921
1356
9808
1843
7198
9550
4184
4077
2601
8076
269
3064
7752
5806
7417
5675
3254
2173
9228
4582
791
4409
8678
7667
438
2020
9719
7402
1914
6481
5001
7781
1452
5851
2766
118
8739
6212
1693
8176
9161
2091
6960
3406
5460
5529
6320
7065
2174
2118
7217
8780
8713
1455
8293
9830
4352
7070
8480
6510
7027
5844
5196
7113
6815
6912
7380
9722
5408
2332
9574
4472
9263
7234
9639
3429
1180
8205
6811
1515
3092
3962
8688
7312
6180
489
6077
3820
2539
4320
2003
9721
8053
8131
7892
6984
846
1309
2548
520
3121
8462
9375
6720
466
9627
6258
9449
4199
6039
6777
7595
5475
6291
9047
9502
1803
1854
2708
9072
3749
8988
456
4306
2527
8163
1286
6323
548
9476
1330
6710
8958
7243
5311
8331
9096
2285
1014
8840
5174
6277
8415
2830
323
8669
268
3051
2572
6322
1277
24
5810
382
458
3571
9081
8619
8674
6816
5852
2097
1645
3986
6651
337
9602
2465
194
1069
2702
7343
440
1171
3631
7692
9660
1011
8735
4161
6110
7630
9793
3069
6331
1848
3449
7420
2996
4353
3139
6333
1484
5280
780
4998
2891
2018
6194
1098
1754
5391
1219
1075
8115
1897
8023
9789
2616
3210
2142
9351
3959
3346
9023
4100
4388
2897
6381
5547
7840
8730
8034
207
4060
6520
9243
608
365
9504
9448
7391
1956
9078
4948
9770
1087
8216
1906
9876
5519
4336
9954
5724
7443
308
417
3837
4897
5451
1742
1943
5413
336
2305
7487
8001
1722
183
9272
9192
6248
698
9735
1916
3462
8222
8438
6557
6980
2735
1389
290
5762
7472
8002
3156
6124
8388
5224
280
3603
1532
1787
1928
1690
5276
5715
8667
9209
4088
4523
1498
9790
8998
7423
6241
8577
5411
8529
8703
4304
9360
5308
1513
5948
2515
2001
615
616
425
6972
7419
5018
3625
3856
5306
9182
7950
7726
2451
4258
2146
839
4040
9297
6121
9048
743
9149
1070
5730
6669
428
7407
9697
246
3990
6198
7405
8497
2436
8978
3591
2672
5583
4399
58
8701
5542
9203
7614
4367
43
9101
3651
8168
2846
9030
8769
4955
3262
4866
4934
9400
4531
3823
2455
116
5846
5418
1435
7757
8933
6109
3530
4591
283
44
1710
7909
1939
6878
8537
1637
5315
5307
4357
9983
8773
7035
2789
3207
5301
1493
6997
5293
5160
4651
8035
1335
2202
4937
8800
2021
7440
4913
3093
2744
9871
6845
7508
3430
5701
5957
6887
8836
9158
9419
3619
6375
9774
8717
5053
3440
567
7532
5454
3580
9905
1021
32
2531
7741
7519
9596
4970
5603
1762
7360
9584
2835
300
6156
8831
4786
8705
1545
5722
7542
4532
4693
5159
6045
3230
1605
355
6987
9245
7302
4578
1048
8210
6523
1399
6474
9061
3695
2857
9359
6699
7966
8397
4868
5875
6406
6420
8261
9784
3945
8442
2101
3637
2077
9632
8658
3060
4465
3521
3344
6175
9394
8981
8197
5601
2372
2554
4738
7760
2303
1791
4658
6252
4806
9311
9926
4942
797
8829
4957
1327
1031
4416
8460
2636
9281
2283
3983
2945
983
5317
8353
1142
611
8371
3794
7611
3782
3995
9683
3070
3287
7340
7930
4451
6470
1541
6467
9481
3032
1363
303
4537
3698
6851
2942
788
9644
3586
9688
6743
4471
4598
5000
2491
3789
3331
9208
12
1731
6847
3540
8506
9776
3409
6978
2492
4240
3824
330
4564
4219
3778
7325
7811
9752
7205
6658
2411
7049
8961
7920
4329
1585
490
205
7854
2439
6304
2310
4803
47
3885
5378
2769
3011
9820
6766
814
8170
3876
6035
8456
4478
7061
5486
6754
5721
2238
427
1812
4475
9450
3593
5645
1100
4365
838
6697
2639
7477
8569
7736
9833
2036
2419
6112
5352
4245
8974
7744
3091
4736
6848
2667
4374
4164
1464
5543
9620
5436
5791
6235
3542
3162
6582
8901
3426
6090
8303
7006
3585
3689
8587
7996
8399
8356
799
8839
7069
8202
7202
692
7268
1658
6284
5865
904
3525
7898
1306
2663
1669
9379
5888
9037
3645
3151
5442
5969
967
2233
8916
7470
3509
374
6166
9711
6957
9343
2299
3578
4668
3392
894
2061
4599
9829
8351
4605
5089
730
6949
537
9738
4155
861
9133
1681
8788
8534
5349
7671
944
2501
4120
8677
8764
5809
9002
3199
2869
6600
2903
3061
6173
6822
5435
2093
1388
7552
4584
544
5318
8612
4633
1005
1032
9262
3027
7689
7523
2754
1651
4915
1811
2067
1355
6399
928
8175
2655
1288
9443
163
1119
9234
1289
4048
7603
5695
5850
8278
6289
2035
8632
1178
3966
4098
8211
9166
3104
219
3926
7437
6983
106
9257
4110
1687
4685
7751
7943
7970
1278
3759
3898
4327
5414
7389
7260
2823
4953
4805
9291
6953
6591
9895
3046
6445
5790
2977
5952
7117
2745
500
8738
6242
2500
6068
2753
318
5982
4087
2898
2611
9624
4768
8729
5591
1018
1347
7622
4882
5607
2341
2430
1477
5381
8644
9417
1036
1764
134
2317
3405
3780
4252
3396
937
9981
7328
891
6872
9354
8964
5670
870
6871
4444
6206
6299
3750
97
9367
3693
1461
7600
566
5826
236
1096
3553
2793
6859
2503
4931
6701
8283
6950
4192
6782
2543
5678
5624
966
8526
7770
5665
5088
9731
184
4647
111
1366
2648
8249
4148
5551
3985
3019
1199
2220
4058
9524
1315
920
8725
1357
2563
3219
8021
3884
6098
5344
2899
4220
3972
7068
1608
8401
5078
37
7236
1968
4781
4009
9497
1246
3767
8111
9479
7933
869
2186
3736
1081
1934
6897
6466
3958
3814
6752
2818
1042
3128
6711
1037
2165
4905
1927
696
65
8754
584
8853
5541
1751
1559
5285
5793
4689
5148
1349
7465
3349
8679
8545
4945
9971
781
6677
626
497
1124
1553
1370
2654
9008
867
376
1129
6374
4743
9875
4481
8265
1201
9734
5253
2063
2700
7977
737
8842
4539
7599
9472
5857
9412
8277
7594
7631
7445
9427
6337
6956
7669
2386
5446
3386
8357
9505
3550
582
1336
945
5538
9577
366
1112
3181
482
7488
3119
7731
356
4440
7780
1354
6714
5629
4724
8269
997
7735
6003
1940
5913
3427
7080
9636
8492
6283
2884
6809
4234
8149
8180
8185
8246
4756
8742
8541
7679
4747
2076
1714
2751
5072
5553
8601
9707
1131
2324
545
9139
8407
2169
4679
464
5980
2819
2281
9268
7894
4287
8879
6446
2224
3376
7157
5540
1153
9213
9327
6635
3685
4272
7348
3718
3697
9402
6769
5841
4489
5616
4211
5438
7965
4212
777
8429
8812
3993
974
1025
110
8740
7641
5515
8377
1437
80
3290
771
2811
8075
2443
3601
818
9861
7200
1111
986
5855
4999
6870
2632
4560
5353
7695
5026
1699
6608
4156
7836
7138
1556
9536
9221
7057
4678
5010
4801
6680
2881
177
2247
3797
2712
7955
3036
2070
8017
6113
718
4169
8794
9165
6532
8975
556
6007
2338
7444
9855
9295
7877
7365
5968
2775
8125
5125
4103
4819
625
6663
8815
6893
8927
6140
575
2389
2078
1068
3124
5155
2153
9468
3172
502
9996
5275
5680
5546
5117
9215
5916
8464
1612
4604
2621
3008
2205
140
3913
8006
856
1592
6694
9580
1595
2147
5787
6259
6799
7715
5574
4543
8571
143
3516
2208
4779
1510
3848
3500
1966
4314
4126
4427
1346
5074
7501
2085
6726
4896
9757
6143
7087
7838
66
5859
7350
1779
49
1517
7549
8893
2497
5231
8030
5246
9785
2266
3970
8288
5204
517
7075
7308
9194
9339
3617
2941
7114
9028
6362
8370
8178
2031
7824
9609
155
7876
7454
3198
7327
9579
5925
8095
1691
9380
4138
7433
6759
9965
8228
7332
3722
9256
2421
9730
2664
9466
4971
4964
8454
2637
1465
8969
7162
6515
525
1454
1187
8325
6959
226
6069
3391
7674
2320
2223
2653
6329
5181
8052
5505
5945
4816
2868
4780
1868
1271
3982
3115
9172
2313
7786
8036
7390
6356
7116
7807
4642
263
8835
2422
785
6802
8850
7146
1935
704
2844
9529
8179
7655
6435
1424
7401
3135
7251
6442
7799
73
733
596
1245
1189
7522
7384
8786
5900
2236
7942
1407
5152
7703
4547
4992
3272
2096
3485
9972
6623
8719
5252
2955
4179
8445
4269
9663
909
8300
267
3621
8878
2974
2906
1851
7140
9952
4313
7010
8020
6846
4535
1463
6447
262
4041
5347
1600
2072
7959
8720
7165
7974
3595
5820
390
6831
2464
7120
4652
9126
7536
7903
191
7881
7998
4773
7916
3040
29
5816
7682
761
9923
2314
6610
5752
4031
56
1110
1001
9590
6247
636
6588
7724
6535
2190
4054
2628
8443
8807
4208
8136
5194
7046
7197
9903
2665
5754
9946
3607
7270
2412
5965
4765
8208
5660
7135
6656
7848
1402
3114
9432
6628
7289
327
4669
5120
4056
6883
9252
3491
3422
8926
2734
9831
7447
2371
5661
4609
6424
8145
375
2967
886
9423
7429
3978
9003
2160
8994
2683
2150
2215
1079
896
3042
3791
3123
8495
173
8044
998
7869
7615
6977
6453
1361
8884
3859
5141
2684
1152
559
5019
6712
1997
5031
5331
8683
6843
9974
804
5264
4278
4612
5600
7293
676
1195
3321
9571
982
3979
6138
9777
2178
8805
6134
2958
9000
3465
2263
8841
2640
1043
7194
1050
4037
307
3596
5764
7342
9459
9914
6690
683
200
3102
1519
6667
6836
6678
3146
6644
4139
2674
1856
4728
7963
5355
102
4981
8412
7469
9727
9210
2569
9016
1497
759
7732
7721
3887
7826
2631
956
3029
5582
3508
2196
4885
5127
690
1
4078
6810
5279
64
2747
3490
2705
5535
3073
3329
8869
7693
2622
7152
2951
9667
3633
7383
7645
5940
4570
2895
5205
5631
3480
8854
4342
5190
834
5198
6907
9269
865
6741
5255
9144
3754
1299
9612
9537
6229
9631
5823
7020
2948
989
9212
6598
258
6018
3002
5796
6057
3186
6981
4337
2625
2717
5705
2749
550
8556
218
5955
8859
6306
3397
6128
4989
9690
7649
2985
9594
5560
6454
9345
5800
5640
2082
2431
3302
3701
8680
2972
1542
4083
3893
2156
6064
5358
3844
2378
8003
922
3278
6661
5868
3806
9814
5832
9396
9503
483
833
3688
1767
2594
1760
6360
7850
7979
1757
1552
7853
1988
766
85
84
2048
2944
2607
131
9462
9214
3127
2092
3561
1889
2403
999
1942
3819
1052
2922
6400
9123
669
7262
8737
3546
4213
8708
1208
332
9894
41
1924
744
8045
6593
6188
8096
9098
1798
1719
4091
2889
2229
9913
2605
4143
2581
1353
2167
2307
8945
7151
638
4550
62
4509
5029
614
7173
6342
5114
893
7122
1913
3369
4492
3125
5555
8485
8140
5471
3410
6771
9919
4082
8431
2057
7034
1617
2355
1833
8711
4430
67
7795
153
1881
3567
255
4206
6431
3113
7367
7183
977
5005
5168
5342
1802
8118
8751
5376
4109
6927
9805
5298
2342
9163
5394
8393
8561
4443
8217
1403
4516
2487
7414
5704
3435
6494
4687
9266
3890
946
6211
7108
9811
7613
8716
5457
2276
6172
2651
6724
1641
5292
4515
8753
2590
3402
9304
6396
6899
7154
5251
651
3776
2930
526
8311
8260
6682
6459
7697
5989
5036
2847
4611
6806
2551
735
8472
5978
3496
6923
4626
5169
8897
7290
4614
3251
11
6104
1829
1258
6947
1531
3748
6919
7938
3914
1878
9840
4703
4305
1544
3366
7462
3244
650
1194
5177
6942
3296
3411
9665
9347
9601
637
9966
5924
3175
541
6879
7041
3041
5086
5958
6419
3826
1689
5079
4457
9618
880
8013
3618
9882
2306
9961
5178
9898
4232
7800
9150
9363
2878
5804
5766
9973
3847
5527
9188
3737
5227
768
2133
6190
5880
1861
7247
3110
398
2710
9134
5544
1478
1051
1359
2626
1016
2265
9762
4140
3333
8213
8046
7089
4366
9606
113
672
4150
457
8048
9064
2090
9239
3584
5183
8198
3112
6840
8899
7284
2856
2757
7544
1073
4345
2519
7294
8984
4517
3444
7207
5860
4872
6545
1720
3548
9736
8268
2864
2493
9242
9947
7560
6153
3528
3457
8542
5686
6028
100
2348
5239
4732
633
2865
2947
2579
4555
2716
4162
2253
8938
1809
716
5869
9198
5020
2301
6601
5087
3390
6735
925
4182
7775
1521
4349
3871
3197
4707
6238
6440
2704
1441
5386
693
8490
4556
7076
498
6673
1242
7102
8906
3639
4316
7570
9937
3228
8523
474
1908
5058
7463
7339
3498
9567
4255
9259
1308
3723
8909
4796
6370
6416
8700
1156
2872
1410
2088
6776
8802
9403
7318
4695
7678
3570
5302
2475
5814
8560
6274
655
2838
1650
174
9526
9758
3907
4701
8384
1372
8101
7964
5362
2575
1314
8539
2158
1893
9931
6659
285
1703
8158
7408
5668
897
3581
8363
8902
2768
8148
3751
9398
1285
1676
8070
618
1248
6823
7180
3600
213
7372
4549
8554
7127
1012
168
1458
6065
5589
3136
6671
9907
6785
739
2450
4325
7295
6119
9428
8714
4493
996
4895
1146
2488
8625
8294
6867
2560
4105
7425
783
4966
5581
3475
792
4260
7303
1182
5420
9977
9845
555
3292
5167
6391
4051
2261
19
8982
2062
6144
836
8142
6971
4298
38
958
5134
969
5262
5014
7866
9324
7576
9397
1512
3774
9424
5606
4899
7156
2258
9090
8083
5994
9532
119
3742
995
3499
8100
9862
6343
4839
4974
9420
1053
2613
2471
3171
1636
2064
3555
2629
9080
171
8243
2013
8654
6183
4908
7175
5387
3846
8031
1480
1725
4670
63
4770
274
3614
4259
6796
670
1813
8983
9121
5369
6930
5379
2227
1490
8406
9680
2976
9826
9174
5146
7483
4135
1863
2022
5396
6352
5524
1984
8695
4497
5340
9542
3080
5483
1369
7734
27
7333
4837
3594
6417
1620
1470
1615
3328
5459
3954
6594
94
6126
7100
6373
590
7880
1870
3843
4810
7947
5866
6012
5375
9179
388
514
6047
8611
5357
1118
3180
6648
28
2177
6276
2914
5009
4480
302
7819
8440
1474
4266
3084
6758
1275
9568
2988
319
3803
3047
4361
2696
3544
4603
1969
1649
8147
3327
6091
5002
5367
6389
5523
9201
2845
4146
4177
1726
7409
1558
1391
5566
3182
1698
8024
5464
8628
2289
5054
1685
725
4042
8917
8924
4479
9365
5189
8423
1294
493
568
3991
1136
3281
3247
450
471
1654
812
8192
2172
1494
4323
4525
8064
4167
8103
9230
8441
7899
911
2119
5872
2194
1704
8630
9655
5290
1457
5874
1325
8767
9222
233
4268
6135
7772
1175
9500
9353
4029
2288
1967
6884
6142
1753
7993
1451
6006
9836
9059
3311
3478
1405
165
4808
5517
9684
7001
9306
7029
2808
2760
8656
5021
5039
1688
3054
2279
1575
9916
5479
3024
6032
8584
4843
3678
4090
504
9911
5565
209
5910
7393
7222
9067
3269
3383
2357
2508
1342
7973
714
2010
2657
1134
3801
1262
7638
6218
7833
25
6908
1792
6355
4708
9528
3818
7543
4113
3270
4524
6967
7714
8270
7147
3929
4102
3706
2002
7209
5509
8414
1960
2737
6054
7493
6915
1034
8124
1024
3421
8770
3717
9918
6280
8471
4197
3380
1107
6952
7503
8749
1502
8880
6237
4116
9746
7248
2866
9250
8617
4456
7148
7601
2373
1701
9326
4441
3372
832
3664
7834
4672
2428
7321
7363
7769
306
5671
3086
5356
9917
5927
4005
5130
8996
3709
8391
3934
9531
6814
4423
8877
3227
9130
1543
635
4227
295
796
3613
3649
2619
98
9991
7237
1269
5209
8804
4437
8664
4018
8511
1413
8923
7214
423
1274
9190
5780
2469
9555
223
9218
5300
3974
4424
2680
7547
5819
445
5639
7313
9804
7446
7387
4450
2784
2453
1211
8465
8535
415
2095
1485
1684
7324
6795
4742
7461
8522
2200
1638
3756
3866
7904
2193
8875
3634
6489
1086
9305
2893
1957
7277
8567
8286
6234
9076
1139
7753
6096
2645
9516
9227
1804
7311
6125
807
7123
2252
34
8731
7739
9012
4432
9440
2562
2502
8166
115
5847
6875
5755
7646
1323
4359
8223
7640
9928
5220
6931
4466
2774
8027
8929
8450
5405
1849
31
2873
8953
129
3243
1546
339
8359
5883
4772
3190
1491
4733
5310
256
3259
2748
5199
8337
1769
5588
529
9992
7821
2504
9617
5887
3437
9093
7285
5619
5322
6906
6679
8298
4142
5288
5476
1192
9989
8224
2343
3655
8536
6293
1191
1941
6147
4035
1144
5482
594
501
8219
7179
7252
9074
627
4835
708
3057
5359
9494
215
1351
5862
878
6136
2027
3334
1067
4723
1846
4470
7750
1301
6338
8774
9900
9838
4545
1102
3670
5467
3200
8313
4838
6407
9910
6886
9823
6707
8908
8661
4825
4802
9436
1814
2644
2425
5867
9933
9939
9071
3867
2454
393
5248
3479
2106
8895
864
2703
8862
5587
536
578
9560
5827
3450
1056
7591
6966
8598
8510
433
2781
5700
6321
4710
8508
2218
404
7538
8663
2330
5708
3523
7369
9979
8332
4319
811
6161
2187
5748
1059
8733
9856
2713
6325
9975
9593
7301
7694
7496
607
600
7188
4601
8873
5164
1232
6939
5314
6019
5829
721
7664
1800
4660
5988
8592
3830
4737
6111
3838
6865
9865
3910
7604
2349
4346
8373
8900
8177
266
8647
8432
8572
7094
2046
3006
1599
6240
8834
5893
779
7392
8271
3663
5421
5623
3923
0
4017
3989
8250
7951
831
1631
9329
8097
5512
6876
5329
5158
7099
4447
9827
6025
1420
1831
678
3996
3176
3921
5936
3163
3935
462
3611
9625
7554
1981
4081
6657
5558
1739
7276
2660
1344
5737
147
2535
8555
2537
3068
8254
7374
9113
3221
4384
6898
3518
3056
2736
4243
2661
3536
9967
1657
6421
3708
1926
7331
4108
5725
3624
9769
1426
5831
1228
8362
4485
4704
5041
5241
7008
3341
3833
1933
7421
6024
2679
3537
8486
5818
5361
2980
57
7761
8453
1627
884
7098
8041
4134
259
7865
8341
9964
5947
764
1903
862
8712
9204
9383
5283
6358
8182
7036
6383
4890
9
7659
2080
2257
8276
7073
3694
4104
9556
5513
4735
8966
9489
1530
4061
7648
4046
6559
8784
4841
852
2880
234
2225
2733
511
7315
8123
4744
1626
3145
9892
1280
5821
5935
9155
3572
1821
551
4761
2782
1938
4729
8239
6586
5221
7292
1432
8122
3469
749
169
1240
371
6784
9870
8681
2065
4123
1873
1438
9325
9737
4419
908
1350
353
4066
5490
6184
576
7742
5363
6496
7685
3860
3204
903
1212
7309
6630
4533
6133
3812
5750
7093
5720
2938
4916
8967
2370
546
9527
4356
1573
5212
5659
8475
2182
1583
8509
6561
8448
5673
1766
1827
5776
9164
6504
7883
798
9261
8150
5494
4607
9251
6468
6788
4869
6585
486
8793
3937
1023
2401
7778
9591
981
4429
5095
7038
3715
9483
7238
3050
1172
7660
549
3446
7078
850
142
8110
9540
7625
5440
4943
2111
3552
5038
1225
3388
9386
6693
8194
9105
3467
7704
2587
6533
4288
4834
4902
4499
4792
6200
4983
3316
9709
5296
2052
4491
7691
9246
8105
5012
279
392
2525
6162
6945
5805
1320
3359
6868
6555
6790
3428
2641
6033
2390
4001
2993
1978
5228
6106
206
7411
6223
5294
6011
8590
5870
3403
6506
8301
8164
4731
1700
7044
6022
5011
5719
6231
1974
1598
2557
9751
5646
5478
1697
4136
3468
3350
349
3956
2448
6433
6753
3066
7636
3562
7991
6476
6390
7169
3364
2429
2336
7550
1706
4988
6209
5150
1160
3082
9082
4223
4559
3028
6249
9817
4763
6546
3132
3606
1371
17
7806
4823
560
1147
763
250
512
9455
2900
2278
3745
9514
1746
6228
682
4368
5453
5370
6571
4065
1149
9285
3098
1387
2876
178
7860
2420
4676
9869
1049
8575
6316
9225
6059
3623
5611
8230
5757
379
770
3863
1390
2446
6335
6574
2916
4175
9702
3021
6317
6509
7577
8697
1784
4889
7808
4106
3612
4209
1380
1109
4469
3237
2494
8060
1447
6471
691
4698
7382
3395
6290
2913
1594
9317
2964
9087
8237
5698
5682
187
1796
9799
7459
8317
8521
5165
8282
2235
5135
4720
5615
6049
1865
4507
2005
5895
1741
9960
3770
3504
7814
9795
1501
2555
6616
1404
6764
6430
6013
3377
538
96
6037
6738
1749
170
7334
2498
4248
6552
3879
1209
5808
2524
7223
7662
1826
6513
7936
4422
586
2195
6521
4753
5281
577
6638
6187
3965
2758
8338
2691
4271
6592
3654
1453
6220
8745
400
979
6009
1680
8706
7105
522
5618
6918
5182
7627
2045
2462
6278
6974
860
3192
643
4500
8156
9880
9433
1947
9124
4883
5604
8502
166
2990
4927
6364
5319
6650
401
5335
741
9470
890
1408
8292
8157
9330
6221
6739
132
347
1202
3628
2564
4622
3195
4952
469
76
1044
6087
3058
2326
4683
291
9969
9223
1887
8201
4691
6606
2755
6581
3532
1866
7582
6554
9872
5470
3527
926
1738
3016
335
5679
6928
1659
668
3187
7349
5711
5481
9425
1735
3932
408
821
4960
2081
6083
4442
671
3627
5259
1785
2526
5528
4846
2105
3997
645
117
3168
6449
5250
1197
9942
6062
9038
2915
6905
383
7958
4826
3510
4003
3922
4610
7827
1381
9813
820
8792
4027
2943
5899
7754
6500
4402
9835
1460
8049
5929
4873
6683
9859
4587
9884
1161
8347
4667
4079
3662
1822
3725
9839
1227
4643
5443
2801
4233
7275
4829
301
4727
6046
5848
3673
81
5466
8479
1448
6160
3988
1705
9276
513
413
2767
2058
8169
7962
2617
1618
1038
7096
8409
2033
2678
1115
3043
4721
5138
3072
9563
3961
8065
9888
3753
5366
6412
7040
1433
8403
3788
4132
3484
5926
9110
6165
8599
3795
8642
4464
4751
4842
8761
7563
4719
2124
6217
158
9994
9160
1281
3365
6926
3807
1386
593
5598
6599
3568
8715
9501
4546
8212
2226
396
6405
5272
8439
3539
7058
2234
2084
7128
9014
6944
2291
5338
5124
5696
5648
2777
5016
4903
5684
1168
264
8358
4632
7300
3332
494
40
5498
6902
6155
7887
1291
7635
9670
4435
8760
3901
588
8113
757
9604
3505
8057
7785
8922
1217
6888
954
2271
9348
2892
6371
6850
1378
3020
6105
7090
9100
5956
3407
4242
7851
7794
3274
9437
8643
7725
4092
3880
1768
5922
5111
5905
7281
7456
6681
1379
3495
6397
9743
1563
4789
5075
1304
8950
8304
3153
9509
1282
9816
581
7357
8360
7337
1514
6550
2047
2243
8321
5727
6313
8965
431
2154
2577
7256
3252
6303
9405
7953
9323
4370
4567
906
6275
1883
192
7572
4101
9552
8721
5801
6982
1108
2410
3687
8904
2950
9768
4617
2121
5685
384
7204
6157
6330
5612
2765
7449
7171
7486
1841
938
3062
4021
4638
3765
8589
898
7502
9286
9548
702
8251
1880
8806
4552
4236
9392
3014
1734
2024
4697
2240
6017
3263
3668
2350
281
1593
1895
7499
2642
1673
8808
1287
4303
6744
8284
1695
52
5525
9274
3506
1909
5151
6621
2831
7957
6740
9611
3378
3646
8618
4055
5047
1872
9249
8997
557
4558
8466
8882
8469
2513
729
79
9741
9818
1777
9362
8365
5782
33
4739
6425
6225
7815
4553
9909
7323
7616
3994
8646
8062
1729
7718
8400
2199
2690
9498
7606
2547
7882
6611
9137
3157
5027
4893
7059
808
1060
9682
1300
2368
1581
9416
7657
1475
7871
5840
9152
9418
8883
5833
248
9264
2933
7067
1259
2161
9607
2293
4976
305
4385
9069
225
734
5759
7929
5979
3326
3438
9713
7553
554
8811
9189
7086
4389
1576
5214
9941
6402
6670
2836
9712
5664
1252
8098
2839
6236
71
597
6071
8586
9411
8281
1570
1979
1130
386
7272
1468
7653
245
2116
316
3775
6998
2533
5203
5143
934
9293
543
9011
7776
8512
1406
60
8040
6762
6141
5690
2292
5912
3347
573
127
5531
5920
2971
9045
9441
1244
7182
8364
9995
9922
4705
8500
5890
8215
9744
5520
8888
4381
272
6734
4745
1472
3955
3266
1643
1337
5803
5033
4486
6434
211
8857
7137
6192
8390
2688
4341
4330
1572
1708
7241
7385
4165
9881
2203
3097
5854
359
4987
5380
564
346
4335
1859
4076
6547
2440
1936
1329
6497
2931
9125
8668
6807
8576
3338
4588
7893
3420
4709
4160
2423
2404
2634
9088
2418
7460
8507
7856
8771
9097
141
8863
6174
9654
6332
1536
8308
984
8264
2650
343
3783
6464
2460
6925
4562
2609
6595
4586
314
7773
1744
5269
2369
2004
6718
4238
5383
8320
4979
8316
6691
842
2495
3513
4828
3785
9522
2694
442
3488
1603
315
844
7525
3604
7762
7981
6369
4097
1233
9389
7212
5647
3258
9406
2131
2902
8946
6833
5425
3881
5404
212
3477
992
964
9510
6629
6909
3605
6300
2137
9763
8600
8558
2123
5744
4431
4884
4760
6838
5692
7612
435
3351
6530
5569
8781
7124
4034
8825
8135
1630
6450
4590
9057
7329
3659
7578
6745
521
8093
7296
1164
8605
6609
9355
8989
9718
329
8350
2175
4879
271
6158
5334
7717
9515
7605
6263
4861
4577
6935
6437
8085
7665
3299
4490
472
6501
6067
6490
5384
7696
411
7545
2742
3587
4713
840
3590
2910
320
8374
5343
8948
4867
8748
8813
5128
2166
6475
6700
7764
8768
2269
8474
2877
5225
8640
2300
7215
8860
7111
8724
3909
5226
4680
2588
2921
9004
2719
9042
6266
5506
591
1157
8427
7195
6560
3845
6132
8782
9815
2424
1397
1162
3878
3520
7115
9953
2924
487
2019
3055
9565
4832
4438
2576
93
5491
4052
1319
8386
5385
8872
1770
2529
2107
2259
8102
6684
1307
5218
1362
5845
4655
8153
4536
6864
8845
9857
8870
4646
7905
9987
887
1126
4851
3858
2802
9851
4002
1163
2049
4045
2100
3559
4387
9675
9220
9374
772
161
6152
717
8324
4608
4131
8266
1088
2438
4661
1296
628
7107
6387
8141
495
1579
4901
2998
5137
3120
2986
4071
6525
4711
9075
7279
6770
5792
5644
1331
9547
653
2345
9696
23
3964
6099
8639
9957
5092
3087
8126
2646
3245
5643
2405
6100
9775
9753
4317
5462
745
8259
2482
1105
7118
478
5985
2377
7598
7843
1614
6761
9633
7158
7720
866
7361
6094
2968
7000
7910
4984
2685
5651
2618
8574
4518
6020
8459
4696
4043
9461
9143
9181
1670
835
6418
3133
5140
9490
3896
9017
9217
8583
3340
7948
3472
1375
2550
3214
1773
1040
5244
3053
3161
9467
9395
8191
69
612
4067
4202
439
7537
3825
75
7985
1633
8381
3987
4833
9241
8279
9599
1492
7142
6250
8979
4340
5953
481
5197
8819
5649
8944
2260
4857
868
3691
1268
2290
2728
6026
3952
4565
641
5007
9585
3692
661
4311
8172
3289
2365
5034
4814
2023
7707
9723
5784
1937
9837
3931
8056
1159
697
7186
6989
2207
4122
5108
4624
146
6463
5915
7593
1582
3116
7187
660
7150
602
8134
7789
9877
8828
7134
5409
4172
2347
6428
6779
4181
7458
9469
361
4188
1236
8913
4671
2770
6001
1623
5584
9195
5401
6197
3822
2867
5492
2068
8094
5485
4817
3384
9356
7129
3209
9094
5689
6910
7768
4673
1436
9950
7216
1326
7737
6076
6602
1446
6082
4526
7015
2499
9414
3235
9517
1547
8501
1223
1343
9930
8746
3312
5630
3374
6819
405
9533
6976
476
9506
2614
3565
5596
2180
1193
7245
8005
1117
2989
4950
7056
1507
2188
762
9279
2398
7855
6199
9384
3454
3497
9303
2360
4830
7267
5025
6040
162
1089
2245
6767
914
2870
8245
9233
949
7698
1150
6975
7028
3239
7451
4946
6256
7077
2565
4973
10
5768
6472
2191
9685
941
5473
3387
1778
8865
4030
1310
9446
4530
105
2583
5305
8937
2108
6757
2798
240
1621
9630
1204
4014
1234
1035
5946
1953
2496
9141
2596
6092
6955
5431
2861
8955
9853
6516
8189
7317
3811
8588
5263
858
1646
1589
8218
9255
9819
9742
217
5267
6479
2792
3035
4850
6243
8418
3354
1565
196
9460
9749
7628
1128
9970
3902
3211
9051
8750
1932
5393
7530
4351
5180
9401
1842
3696
9781
9534
5918
3557
1429
9511
9020
7042
9664
4494
4639
5794
4649
1816
7989
9695
4666
4750
4286
2939
2
9018
2825
3318
3608
6837
4124
2256
3005
244
6988
2693
8951
1283
3726
961
4831
805
4275
7126
419
9767
1008
7541
2073
5104
5834
2558
3793
2230
2658
2820
4935
2911
7569
5389
434
7746
2929
1919
4484
276
2763
3012
6805
45
2379
2222
8082
199
7516
5110
806
3474
3755
2328
4007
7002
4477
7686
5185
7133
8011
5914
9703
3339
6267
9925
4358
2582
601
1184
5713
3355
7310
6798
9015
1020
515
8004
1214
8395
4566
1930
9858
9107
9846
4797
6885
2771
381
4571
3481
2277
930
5065
1411
5416
6924
2520
46
4321
9053
180
2442
4016
3013
109
5702
2949
7239
1756
9036
7792
8193
4663
1383
4364
907
3864
7917
8846
8345
631
8376
7701
3836
3861
3483
5427
1845
1877
2098
4888
7254
7526
2353
3792
9034
2858
1661
613
1747
2274
2681
9569
4398
3358
152
7112
5703
6004
6327
5051
7749
1054
5878
8309
6538
6829
8289
8410
1715
8795
9333
6177
1925
4235
6649
1243
646
8910
3831
4677
657
1686
1039
4145
9117
8594
3276
1302
8905
2549
5508
5585
1188
9679
4811
8227
3683
1900
6120
6986
3760
8810
9062
6641
9874
175
7424
6415
8894
9576
9714
4418
4572
9442
1869
7412
9022
9615
9878
7373
7976
2552
1030
1801
7632
1628
7062
853
9021
2860
2885
7441
7480
5103
7400
3916
9623
139
1445
3265
752
5303
9492
8361
4114
8552
4201
9247
3690
7121
6765
6860
2366
4262
960
9549
2981
4990
130
2128
6268
8273
1495
9283
7019
237
5028
4684
6632
4198
8833
2620
4794
6627
9694
1479
4000
7064
570
9652
377
684
3727
8435
9435
1929
9852
7219
6253
7109
8832
9058
5119
7287
8487
5729
963
9200
4074
5921
4129
4157
1523
8911
2842
9825
3048
1548
3201
4308
1083
8067
4249
1910
4049
2987
2362
9564
7771
1694
6491
8728
55
2809
8814
8504
4382
2459
6512
7264
506
470
2824
9592
7475
4039
572
9475
1825
4318
1588
2210
4996
9280
1946
8229
1443
1113
412
179
1561
9153
5175
7802
5070
9154
5577
2323
9628
7259
8190
851
4468
7672
3152
3150
9700
3511
1806
2859
5258
5312
9068
1116
892
1666
3597
1082
5122
9686
5652
993
6273
6526
1368
687
7139
9650
9077
1944
3531
9653
3001
9275
5202
1775
7193
9463
9196
8233
2591
4154
6328
3502
1062
4918
6992
5098
8151
3315
1905
5889
7727
9486
649
6005
2800
2232
4445
6827
5781
1205
3650
2952
2143
2359
9302
7745
988
5487
3034
8498
1955
2833
186
2888
5749
5216
8068
8631
1466
288
4274
3705
8334
6524
9674
2797
104
6310
3126
6589
4845
7559
2578
2248
7366
9399
5672
9780
9128
8010
6103
7818
6307
3280
4411
8858
719
2574
910
7705
7813
6962
9439
3455
1758
6179
3196
9637
8088
3448
5397
7172
2432
4714
8092
9066
5326
5676
524
1058
6643
947
5572
8818
9570
9248
9616
6920
8573
3799
3515
9997
5192
9525
1092
8247
1740
195
3291
8015
4932
294
9484
3363
4434
8333
6219
3434
9108
7416
2512
9050
1782
6597
6170
9043
1728
6386
4379
1265
8934
1409
3647
9906
8645
3323
8174
4241
5271
5372
2851
4621
8971
8876
3094
5432
8609
3286
7925
9866
4585
2746
648
5961
3908
8255
2149
8941
7224
7227
387
3037
3666
8530
4032
9759
6830
9659
4019
6477
9046
8394
4982
7805
8297
8637
284
1696
9940
3821
2905
1186
9988
4592
7756
3769
6146
644
6081
4898
9810
8206
395
3217
1450
2463
2925
7810
2435
9545
8368
6896
5573
8420
7404
6244
8078
5249
1882
5758
3815
9193
334
3320
2907
4514
3730
6102
585
70
3325
5879
2544
516
505
2176
976
4865
5062
5873
6558
9807
8375
8960
606
728
3524
378
242
723
2134
6660
1781
7728
931
7055
3436
6122
5742
9453
1527
5500
3731
5902
296
4273
6114
4877
5208
7434
9451
6517
3577
7358
2805
7941
9485
8225
2855
8091
9643
4415
4993
7378
773
416
589
5939
3711
5534
5257
6189
1430
6508
7354
1797
1667
5917
9850
3459
5161
7141
149
9717
4244
6654
2863
523
4297
8478
2904
3317
6721
3583
3529
6675
9370
6205
9258
3295
7453
6792
664
3375
6921
5003
6270
9434
9350
6488
8533
2254
6345
6393
224
7937
1672
624
6994
6195
1748
8690
3336
6264
6732
3160
2017
4214
4178
298
235
5256
8606
4050
620
241
6182
2918
1730
3155
1065
406
1976
700
9885
8022
4333
9206
4569
5233
1529
5559
6353
5154
3602
6565
9095
3545
277
136
1535
972
1629
722
9033
7497
492
403
9541
4940
3285
5170
1850
8797
8171
1196
885
9238
787
7857
5123
8741
7774
9232
3752
899
9085
9235
5514
2803
2787
2817
4502
9307
1101
8775
3729
7845
7273
5297
123
9027
531
8566
1921
2638
6943
9543
2669
3213
7250
5480
5368
4257
8039
3000
3083
5410
9422
6265
9240
2409
2141
5084
4412
4390
7889
2163
6281
8059
5681
2668
4380
3512
1418
4864
6746
5811
889
4089
985
760
8305
3973
7386
1166
4237
3712
8274
7946
1127
1761
1702
3439
6808
297
7026
9073
5195
1655
822
7174
1952
8547
9716
2896
8099
2321
2886
6051
1028
7513
8515
6499
2318
7104
8018
9226
5753
2478
1574
2262
8914
6066
599
7221
1665
5013
4011
2682
9361
6207
518
3117
1520
662
8579
7796
4848
7521
1093
4959
8743
1875
959
9310
2476
5064
3889
5247
4226
8968
4886
2965
4221
7566
6097
15
3063
3967
1566
1712
3452
3100
1064
4858
190
7039
9626
3307
8699
1374
9747
2468
6861
8684
6889
6080
1071
1993
8425
2956
3067
3486
7505
5232
5215
9109
8755
712
344
1613
688
2514
7766
4127
4115
9562
4378
3224
2862
6587
4787
7583
1303
3790
674
9338
86
2311
9265
5434
7607
7738
2086
7687
124
955
3223
6934
4283
6655
9671
4312
2571
3106
7620
9586
3220
6452
6233
3473
7934
5942
3632
4326
1022
9430
7895
7388
6817
1528
9408
800
479
2296
9935
4383
5751
6780
991
7927
579
6176
7230
380
4094
1104
9410
7305
6564
8077
452
1815
7330
6295
6961
7335
3399
3920
3206
1632
8907
7048
1216
3371
7908
6793
4849
9984
6613
7885
962
3918
3297
2813
5617
7924
8709
8987
2408
8732
8319
9390
3574
7673
51
7473
4804
3940
8009
2414
4847
7923
8482
1322
2351
6056
2312
6617
367
2037
3728
6742
3179
6958
5954
360
7733
202
7355
1138
2381
1332
4170
3129
3141
1604
610
2280
4917
6653
8651
6444
4788
8803
5217
6832
5044
3079
1795
2282
3895
8986
5511
7524
4900
8089
6751
3660
496
9598
8458
5772
2973
6254
8903
2264
429
2340
5849
3809
1376
488
3089
6903
4022
6041
7767
3841
8328
4965
2997
3615
9729
9821
9666
8071
6705
9629
1224
8503
3928
1395
6801
8061
3904
275
5299
2135
4293
4309
7790
2741
4715
3122
4149
2170
88
5461
2209
5286
4766
9292
5580
6685
125
5533
933
9608
1266
7755
2991
5898
7314
4483
4166
5266
8849
1858
7987
409
3865
8540
7723
1220
2113
6288
221
580
8488
5836
935
7066
2772
8187
4338
3177
8827
9621
9771
9151
8595
1786
4907
3335
8043
5871
89
126
7063
4347
2785
3766
4310
1487
1990
6117
6503
9277
8881
4635
7278
1444
1029
3832
8499
1267
4852
5213
8936
2457
3408
7092
6336
1596
553
1505
8505
6676
5458
22
6002
6607
99
7801
7014
7436
6674
2783
5083
5626
8952
265
6053
6340
9945
1173
1027
6318
389
3635
7969
4008
3507
5904
5265
1200
6640
7240
4641
1090
441
4276
2335
7288
2122
468
9115
7642
4914
5499
8766
7787
9854
9583
8525
3710
5966
740
2779
1077
5592
3575
1009
5576
994
3261
6527
9063
1793
2050
4640
1061
1551
5771
5739
3088
3716
5507
5333
2727
8287
5354
2304
5468
2670
4373
3103
6551
2999
4376
6566
9140
4224
7972
3373
2875
6312
7779
2287
5614
7846
9725
1864
8387
4776
8383
7995
1810
121
144
9457
397
8127
2505
8765
4301
1709
3758
2374
3143
7706
2840
6812
2275
9334
1440
6605
7988
1721
2854
823
4428
2542
3951
5548
3109
287
510
9049
3167
2827
4625
3208
3768
5712
8436
6145
9060
1292
7291
9844
1902
8452
6478
1885
1835
2267
5996
756
507
3558
845
2251
6296
7915
3551
5477
2416
3256
340
5452
4302
4519
917
7602
4938
9553
9496
9253
8366
5683
1862
6438
160
4210
9321
83
5723
793
2477
1983
1647
4460
6027
3804
1571
8326
5497
9288
1516
6055
4520
7700
8221
2447
7009
3134
9959
3643
8457
1158
3652
182
7748
1790
2953
3257
4827
5166
9319
8473
6
9613
9619
5864
292
776
7639
8051
273
7422
9783
3370
8892
9491
3343
7031
5502
1959
3900
352
9378
3424
4767
7618
7326
2183
1095
5697
2627
2102
216
4495
8666
8050
8838
4012
5741
1251
4230
3672
2687
9538
8470
647
3108
5056
8411
4563
4568
3030
4394
3882
2602
9357
7471
824
8685
2325
9849
2697
4256
1317
802
7688
8962
8949
1339
6426
6427
6936
7844
7398
7847
4505
3205
312
8692
5907
4186
2268
8973
6139
9792
4348
7231
2743
2698
8856
1692
6458
5230
7527
9132
5578
9779
5236
5106
228
3784
6857
6556
4307
2957
876
7024
7912
534
875
2516
362
7476
1000
7083
1961
9720
402
299
8128
4062
1170
2399
222
7013
9458
3081
2212
5839
7082
247
2962
7872
7873
1549
3194
6996
5694
5951
7677
6540
8484
1799
6334
197
5073
7269
5641
9452
321
3944
317
2164
3234
8524
1963
629
261
4153
8258
8413
1840
3541
3271
7663
9708
663
8959
706
7199
7032
181
3394
2659
4151
7418
5006
6408
3031
6483
7888
4239
5627
8783
4392
2402
6624
4407
4195
3805
8199
7263
9019
1206
2966
6662
2168
4015
2197
1057
8340
418
5635
2358
6933
2623
883
7864
565
5136
6354
16
1755
6612
7913
78
7095
7675
9656
5445
59
775
4785
3260
7489
9170
2540
1419
6717
1555
4231
2221
6695
6186
7590
8055
3802
227
5556
1958
8012
8354
4344
7021
8267
1838
6305
2894
5207
3003
9634
5817
7661
9342
4324
5779
3458
6768
8689
3773
6394
9908
2041
7160
5219
5632
249
5973
1384
3810
8887
5943
7971
1097
4510
4458
6436
8477
8162
8757
4583
2917
7464
7359
3330
5795
3305
2099
2699
4986
2666
5539
7426
7490
6858
5268
8346
1476
6791
1860
6115
5937
7784
9438
1635
2725
8106
2936
667
9409
7338
2329
3456
5561
3356
2795
4331
987
7052
7220
8437
1140
918
919
9219
6178
8253
2738
8837
1991
9561
5963
2662
7164
6351
7949
1423
3494
9026
4355
2934
7861
9603
9426
6191
8822
5886
6869
2298
5186
4180
3911
6409
2060
2959
9539
9191
2600
5977
7507
9145
6622
1678
6760
7839
4748
1316
6755
463
4881
2237
8727
372
7535
8280
9847
4862
2848
731
8615
675
9651
5783
8203
6715
9118
6021
6576
1580
6361
3140
4133
5390
1855
2603
1141
1644
137
6357
5654
7427
3107
9949
8673
5351
1007
9796
4675
2887
765
9175
830
9689
6877
1297
20
3942
547
7022
8867
8942
4193
975
7468
3741
7054
9936
9750
3360
5518
3733
2568
6167
6553
3599
3840
4508
2241
2652
465
8861
4947
9766
7131
6747
8787
8476
2871
6708
5761
3418
3368
1912
9122
2026
5838
5971
3236
8843
5201
3796
6719
9091
828
7517
6042
1578
4978
282
5733
8871
6979
5575
7201
6991
9557
2852
5740
9024
1509
5717
8154
7829
6922
924
3159
3342
8626
9787
9748
4363
1970
1853
6455
4264
8931
4854
7258
9029
9828
859
8532
1063
9444
3738
4183
7375
7793
742
4718
4159
3191
9346
6518
5210
6562
3279
5116
1321
6093
6634
7232
2038
448
3476
3665
2385
6095
4253
6392
2585
9369
107
5407
5147
3976
5055
8120
2686
1324
4674
2217
1462
7683
8339
331
7403
3658
4006
1367
5422
8759
927
8330
1471
5059
2043
6537
3076
1190
9726
5439
4433
4010
3130
5734
4013
6245
5530
7362
5456
595
4596
6163
2201
7797
6379
2530
3414
7394
9706
3905
8116
6531
7879
4467
8428
6088
6359
1230
1247
5636
4522
2104
2339
7149
6773
7816
6060
3105
3919
5360
7940
2656
4799
1272
7163
9278
4755
2444
7136
8610
843
8514
3579
7306
1459
4425
8379
782
4923
3419
1834
1123
7788
6422
4579
4939
4086
7170
902
727
6522
2474
7016
617
9566
8593
1167
432
8117
9148
1358
9761
5424
4933
5609
1985
6803
3215
7511
4936
443
9649
9990
7922
3353
6368
747
7580
9040
4994
4774
3992
1949
6089
5400
7467
6203
2995
8491
5313
8084
3610
1526
4036
3039
4682
6828
7574
4130
5564
3193
5892
8918
2015
7190
172
2103
4217
1679
6484
6222
4856
8930
7556
2213
5938
2816
3431
7352
8344
5339
293
3470
778
7584
3638
53
9915
5323
3762
5067
3582
7830
1682
6215
7060
6539
8570
9366
341
6015
4855
1743
2814
3304
8518
7322
3538
4961
1774
4775
1033
410
7196
5022
4487
122
6074
6480
6023
9518
4322
1879
3877
1817
3700
5718
7512